Report of Calibration
PSC C29-ARI-SXNS/N 0020
2026-03-30 19:08:52

Calibration Current standard: BNL PSC ATE S/N 001
Calibration Volt standard: HP 3458A-002 S/N 2823A 23647
Calibration Resistance standard: Fluke 742A-1 S/N 1063008
End Header


lab{2}Chan1
Burden resistor = 83.3333

Measuring initial gains and offsets
       Itest       dacSP       dcct1       dcct2       dacRB         err
   -0.999571    1.000473   -0.999326   -0.999130    0.999793    0.012200
  -11.000987   10.999353  -10.925505  -10.925300   11.015051    0.000071

                                   dacSP         dcct1         dcct2         dacRB
Initial measured offsets:      -0.001156     -0.007274     -0.007080      0.000000
Initial measured gains:         0.999746      0.992477      0.992476      1.001638
Gain corrections:               0.999746      1.007580      1.007581      1.000000

Writing gain and offset corrections for dacSP, dcct1, and dcct2 to PSC

Measuring DAC readback gain and offset
DAC SP   DAC RB
1.000000   1.000258 
11.000000   11.014158 

Measured offset: -0.001132
Measured gain: 1.001390
Gain correction: 0.998612

Writing gain and offset constants for dacRB to PSC

Verification
       Itest       dacSP       dcct1       dcct2       dacRB         err
   -0.999513    0.999513   -0.999730   -0.999718    0.999769    0.001078
  -11.001244   11.001172  -11.001204  -11.001210   11.001420    0.009135


                                 dacSP         dcct1         dcct2         dacRB
Final measured offsets:      -0.000007     -0.000243     -0.000228      0.000257
Final measured gains:         0.999993      0.999974      0.999976      0.999999



                                 dacSP         dcct1         dcct2         dacRB
Final measured offsets mean:  0.000014     -0.000074     -0.000075      0.000225
Final measured offsets stdev: 0.000076      0.000148      0.000136      0.000044
Final measured gains mean:    1.000007      1.000000      1.000000      0.999975
Final measured gains stdev:   0.000016      0.000021      0.000019      0.000017

Saving channel 1 calibration constants to qspi



Page 1 of 4lab{2}Chan2
Burden resistor = 83.3333

Measuring initial gains and offsets
       Itest       dacSP       dcct1       dcct2       dacRB         err
   -0.999534    0.999095   -0.997877   -0.999069    0.999611    0.006083
  -11.001255   10.996071  -10.922635  -10.925711   11.022969    0.018036

                                   dacSP         dcct1         dcct2         dacRB
Initial measured offsets:      -0.000035     -0.006034     -0.007038      0.000000
Initial measured gains:         0.999526      0.992305      0.992493      1.002639
Gain corrections:               0.999526      1.007755      1.007563      1.000000

Writing gain and offset corrections for dacSP, dcct1, and dcct2 to PSC

Measuring DAC readback gain and offset
DAC SP   DAC RB
1.000000   1.000078 
11.000000   11.021702 

Measured offset: -0.002084
Measured gain: 1.002162
Gain correction: 0.997842

Writing gain and offset constants for dacRB to PSC

Verification
       Itest       dacSP       dcct1       dcct2       dacRB         err
   -0.999678    0.999715   -0.999887   -0.999795    0.999802    0.004601
  -11.001535   11.001178  -11.001387  -11.001393   11.000914   -0.016258


                                 dacSP         dcct1         dcct2         dacRB
Final measured offsets:      -0.000076     -0.000245     -0.000143      0.000122
Final measured gains:         0.999961      0.999964      0.999974      0.999965



                                 dacSP         dcct1         dcct2         dacRB
Final measured offsets mean:  0.000022     -0.000097     -0.000057      0.000163
Final measured offsets stdev: 0.000073      0.000100      0.000081      0.000043
Final measured gains mean:    0.999995      0.999992      0.999997      0.999972
Final measured gains stdev:   0.000023      0.000016      0.000012      0.000014

Saving channel 2 calibration constants to qspi








Page 2 of 4lab{2}Chan3
Burden resistor = 83.3333

Measuring initial gains and offsets
       Itest       dacSP       dcct1       dcct2       dacRB         err
   -0.999591    1.000128   -0.997953   -0.998565    1.000565    0.010009
  -11.001055   10.992115  -10.916236  -10.920567   11.012509   -0.018937

                                   dacSP         dcct1         dcct2         dacRB
Initial measured offsets:      -0.001484     -0.006675     -0.006916      0.000000
Initial measured gains:         0.999053      0.991683      0.992055      1.001997
Gain corrections:               0.999053      1.008387      1.008009      1.000000

Writing gain and offset corrections for dacSP, dcct1, and dcct2 to PSC

Measuring DAC readback gain and offset
DAC SP   DAC RB
1.000000   1.000929 
11.000000   11.011439 

Measured offset: -0.000122
Measured gain: 1.001051
Gain correction: 0.998950

Writing gain and offset constants for dacRB to PSC

Verification
       Itest       dacSP       dcct1       dcct2       dacRB         err
   -0.999604    0.999563   -0.999629   -0.999568    0.999738    0.006939
  -11.001187   11.001233  -11.001216  -11.001130   11.001286    0.003298


                                 dacSP         dcct1         dcct2         dacRB
Final measured offsets:       0.000050     -0.000024      0.000034      0.000188
Final measured gains:         1.000009      1.000000      0.999998      0.999988



                                 dacSP         dcct1         dcct2         dacRB
Final measured offsets mean: -0.000006     -0.000096     -0.000084      0.000157
Final measured offsets stdev: 0.000049      0.000064      0.000087      0.000214
Final measured gains mean:    0.999997      0.999995      0.999998      0.999985
Final measured gains stdev:   0.000010      0.000010      0.000007      0.000013

Saving channel 3 calibration constants to qspi








Page 3 of 4lab{2}Chan4
Burden resistor = 83.3333

Measuring initial gains and offsets
       Itest       dacSP       dcct1       dcct2       dacRB         err
   -1.000081    1.000741   -0.999872   -1.000152    1.001822   -0.011478
  -11.001564   11.004362  -10.931147  -10.927167   11.034487    0.015990

                                   dacSP         dcct1         dcct2         dacRB
Initial measured offsets:      -0.000447     -0.006812     -0.007517      0.000000
Initial measured gains:         1.000214      0.992980      0.992554      1.002903
Gain corrections:               1.000214      1.007069      1.007502      1.000000

Writing gain and offset corrections for dacSP, dcct1, and dcct2 to PSC

Measuring DAC readback gain and offset
DAC SP   DAC RB
1.000000   1.001688 
11.000000   11.032928 

Measured offset: -0.001436
Measured gain: 1.003124
Gain correction: 0.996886

Writing gain and offset constants for dacRB to PSC

Verification
       Itest       dacSP       dcct1       dcct2       dacRB         err
   -1.000074    1.000206   -1.000128   -1.000146    1.000069    0.022824
  -11.001736   11.001652  -11.001814  -11.001758   11.001705   -0.015785


                                 dacSP         dcct1         dcct2         dacRB
Final measured offsets:      -0.000154     -0.000051     -0.000077     -0.000156
Final measured gains:         0.999978      1.000002      0.999995      1.000019



                                 dacSP         dcct1         dcct2         dacRB
Final measured offsets mean:  0.000083      0.000004     -0.000001     -0.000101
Final measured offsets stdev: 0.000133      0.000127      0.000119      0.000162
Final measured gains mean:    1.000007      1.000008      1.000003      1.000010
Final measured gains stdev:   0.000020      0.000021      0.000018      0.000014

Saving channel 4 calibration constants to qspi





Test data reviewed by ______________________________   Date_____________


Page 4 of 4